%YAML:1.0\n
Camera.height: 604
Camera.width: 960

Camera.fx: 7.7570138822711283e+02
Camera.fy: 7.7570138822711283e+02
Camera.cx: 6.6032160758972168e+02
Camera.cy: 3.2874921417236328e+02

Camera.k1: -3.2461263587431877e-01
Camera.k2: 1.8495823183438648e-01
Camera.p1: -2.7754651863216655e-03
Camera.p2: 1.5142626433045250e-03

Camera.fps: 30.0
Camera.bf: 93.0841665873
Camera.RGB: 0
ThDepth: 35


LEFT.height: 604
LEFT.width: 960
LEFT.D: !!opencv-matrix
   rows: 1
   cols: 5
   dt: d
   data: [ -3.2461263587431877e-01, 1.8495823183438648e-01,
       -2.7754651863216655e-03, 1.5142626433045250e-03,
       2.3180777148707650e-02 ]
LEFT.K: !!opencv-matrix
   rows: 3
   cols: 3
   dt: d
   data: [ 8.9958186500137003e+02, 0., 4.5139050631712826e+02, 0.,
       8.9265251965709774e+02, 3.3546797269064007e+02, 0., 0., 1. ]
LEFT.R: !!opencv-matrix
   rows: 3
   cols: 3
   dt: d
   data: [ 9.8744900857303652e-01, -7.2146574198542576e-02,
       -1.4049671633010327e-01, 7.4797736552618344e-02,
       9.9710496061586062e-01, 1.3674652531159813e-02,
       1.3910339346950676e-01, -2.4011858459041562e-02,
       9.8998670525346488e-01 ]
LEFT.P: !!opencv-matrix
   rows: 3
   cols: 4
   dt: d
   data: [ 7.7570138822711283e+02, 0., 6.6032160758972168e+02, 0., 0.,
       7.7570138822711283e+02, 3.2874921417236328e+02, 0., 0., 0., 1.,
       0. ]
RIGHT.height: 604
RIGHT.width: 960
RIGHT.D: !!opencv-matrix
   rows: 1
   cols: 5
   dt: d
   data: [ -3.4533372454751027e-01, 2.4944718306666228e-01,
       2.7813199186553874e-03, 2.5964503862741643e-03,
       -1.1116812684253552e-01 ]
RIGHT.K: !!opencv-matrix
   rows: 3
   cols: 3
   dt: d
   data: [ 9.0611974023412347e+02, 0., 4.5327982026979635e+02, 0.,
       9.0113556431387553e+02, 3.1431621193545800e+02, 0., 0., 1. ]
RIGHT.R: !!opencv-matrix
   rows: 3
   cols: 3
   dt: d
   data: [ 9.6974668860527369e-01, -2.5824179810715088e-03,
       -2.4409975636300299e-01, -2.0674826765657386e-03,
       9.9982129499122507e-01, -1.8791050993802464e-02,
       2.4410466086186983e-01, 1.8727231494287181e-02,
       9.6956805091033771e-01 ]
RIGHT.P: !!opencv-matrix
   rows: 3
   cols: 4
   dt: d
   data: [ 7.7570138822711283e+02, 0., 6.6032160758972168e+02,
       -3.0849795205810244e+02, 0., 7.7570138822711283e+02,
       3.2874921417236328e+02, 0., 0., 0., 1., 0. ]


#--------------------------------------------------------------------------------------------
# ORB Parameters
#--------------------------------------------------------------------------------------------

# ORB Extractor: Number of features per image
ORBextractor.nFeatures: 1200

# ORB Extractor: Scale factor between levels in the scale pyramid 	
ORBextractor.scaleFactor: 1.2

# ORB Extractor: Number of levels in the scale pyramid	
ORBextractor.nLevels: 8

# ORB Extractor: Fast threshold
# Image is divided in a grid. At each cell FAST are extracted imposing a minimum response.
# Firstly we impose iniThFAST. If no corners are detected we impose a lower value minThFAST
# You can lower these values if your images have low contrast			
ORBextractor.iniThFAST: 20
ORBextractor.minThFAST: 7

#--------------------------------------------------------------------------------------------
# Viewer Parameters
#--------------------------------------------------------------------------------------------
Viewer.KeyFrameSize: 0.05
Viewer.KeyFrameLineWidth: 1
Viewer.GraphLineWidth: 0.9
Viewer.PointSize:2
Viewer.CameraSize: 0.08
Viewer.CameraLineWidth: 3
Viewer.ViewpointX: 0
Viewer.ViewpointY: -0.7
Viewer.ViewpointZ: -1.8
Viewer.ViewpointF: 500
