%YAML:1.0
---
K: !!opencv-matrix
   rows: 3
   cols: 3
   dt: d
   data: [ 3.6180383418967085e+02, 0., 3.5067470561832113e+02, 0.,
       3.6652734490363099e+02, 1.7489953236302628e+02, 0., 0., 1. ]
D: !!opencv-matrix
   rows: 1
   cols: 5
   dt: d
   data: [ -1.4680702721239886e-01, -1.3254663249938164e-02,
       -3.7953850654192278e-03, -2.1702132650363959e-03,
       2.0147705191137170e-02 ]
board_width: 8
board_height: 6
square_size: 2.4000000208616257e-02
