%YAML:1.0
---
K: !!opencv-matrix
   rows: 3
   cols: 3
   dt: d
   data: [ 3.6905039374043332e+02, 0., 3.3757389797531249e+02, 0.,
       3.7110412148480384e+02, 1.6035985445011485e+02, 0., 0., 1. ]
D: !!opencv-matrix
   rows: 1
   cols: 5
   dt: d
   data: [ -1.3283943966734291e-01, -4.4799040024503578e-02,
       -1.6698306717296565e-03, -4.6362727170319292e-04,
       4.6540610691876469e-02 ]
board_width: 8
board_height: 6
square_size: 2.4000000208616257e-02
