%YAML:1.0
K: !!opencv-matrix
   rows: 3
   cols: 3
   dt: d
   data: [ 9.0611974023412347e+02, 0., 4.5327982026979635e+02, 0.,
       9.0113556431387553e+02, 3.1431621193545800e+02, 0., 0., 1. ]
D: !!opencv-matrix
   rows: 1
   cols: 5
   dt: d
   data: [ -3.4533372454751027e-01, 2.4944718306666228e-01,
       2.7813199186553874e-03, 2.5964503862741643e-03,
       -1.1116812684253552e-01 ]
board_width: 9
board_height: 6
square_size: 2.3999999463558197e-01
