%YAML:1.0
K1: !!opencv-matrix
   rows: 3
   cols: 3
   dt: d
   data: [ 8.9958186500137003e+02, 0., 4.5139050631712826e+02, 0.,
       8.9265251965709774e+02, 3.3546797269064007e+02, 0., 0., 1. ]
K2: !!opencv-matrix
   rows: 3
   cols: 3
   dt: d
   data: [ 9.0611974023412347e+02, 0., 4.5327982026979635e+02, 0.,
       9.0113556431387553e+02, 3.1431621193545800e+02, 0., 0., 1. ]
D1: !!opencv-matrix
   rows: 1
   cols: 5
   dt: d
   data: [ -3.2461263587431877e-01, 1.8495823183438648e-01,
       -2.7754651863216655e-03, 1.5142626433045250e-03,
       2.3180777148707650e-02 ]
D2: !!opencv-matrix
   rows: 1
   cols: 5
   dt: d
   data: [ -3.4533372454751027e-01, 2.4944718306666228e-01,
       2.7813199186553874e-03, 2.5964503862741643e-03,
       -1.1116812684253552e-01 ]
R: !!opencv-matrix
   rows: 3
   cols: 3
   dt: d
   data: [ 9.9137654989330293e-01, -7.7886805221850139e-02,
       1.0538587141540877e-01, 7.4839385198465683e-02,
       9.9666340994363689e-01, 3.2574740254339977e-02,
       -1.0757138441410509e-01, -2.4406819781684342e-02,
       9.9389773337269327e-01 ]
T: [ -3.8567014574204006e-01, 1.0270326579398914e-03,
    9.7078948263813317e-02 ]
E: !!opencv-matrix
   rows: 3
   cols: 3
   dt: d
   data: [ -7.3758081286305387e-03, -9.6780102211346336e-02,
       -2.1415560930320371e-03, 5.4754721292388772e-02,
       -1.6974150876867600e-02, 3.9354743324140329e-01,
       -2.9881492689793131e-02, -3.8430333027613561e-01,
       -1.2671339553029477e-02 ]
F: !!opencv-matrix
   rows: 3
   cols: 3
   dt: d
   data: [ 4.2323445201556337e-06, 5.5964900396531356e-05,
       -1.9579415592526819e-02, -3.1592823173508414e-05,
       9.8699096866705688e-06, -1.9332036218499823e-01,
       2.3548418109711627e-02, 1.7289747675605865e-01, 1. ]
R1: !!opencv-matrix
   rows: 3
   cols: 3
   dt: d
   data: [ 9.8744900857303652e-01, -7.2146574198542576e-02,
       -1.4049671633010327e-01, 7.4797736552618344e-02,
       9.9710496061586062e-01, 1.3674652531159813e-02,
       1.3910339346950676e-01, -2.4011858459041562e-02,
       9.8998670525346488e-01 ]
R2: !!opencv-matrix
   rows: 3
   cols: 3
   dt: d
   data: [ 9.6974668860527369e-01, -2.5824179810715088e-03,
       -2.4409975636300299e-01, -2.0674826765657386e-03,
       9.9982129499122507e-01, -1.8791050993802464e-02,
       2.4410466086186983e-01, 1.8727231494287181e-02,
       9.6956805091033771e-01 ]
P1: !!opencv-matrix
   rows: 3
   cols: 4
   dt: d
   data: [ 7.7570138822711283e+02, 0., 6.6032160758972168e+02, 0., 0.,
       7.7570138822711283e+02, 3.2874921417236328e+02, 0., 0., 0., 1.,
       0. ]
P2: !!opencv-matrix
   rows: 3
   cols: 4
   dt: d
   data: [ 7.7570138822711283e+02, 0., 6.6032160758972168e+02,
       -3.0849795205810244e+02, 0., 7.7570138822711283e+02,
       3.2874921417236328e+02, 0., 0., 0., 1., 0. ]
Q: !!opencv-matrix
   rows: 4
   cols: 4
   dt: d
   data: [ 1., 0., 0., -6.6032160758972168e+02, 0., 1., 0.,
       -3.2874921417236328e+02, 0., 0., 0., 7.7570138822711283e+02, 0.,
       0., 2.5144458271185455e+00, 0. ]
