%YAML:1.0
K: !!opencv-matrix
   rows: 3
   cols: 3
   dt: d
   data: [ 8.9958186500137003e+02, 0., 4.5139050631712826e+02, 0.,
       8.9265251965709774e+02, 3.3546797269064007e+02, 0., 0., 1. ]
D: !!opencv-matrix
   rows: 1
   cols: 5
   dt: d
   data: [ -3.2461263587431877e-01, 1.8495823183438648e-01,
       -2.7754651863216655e-03, 1.5142626433045250e-03,
       2.3180777148707650e-02 ]
board_width: 9
board_height: 6
square_size: 2.3999999463558197e-01
